<?xml version="1.0"?>
<opencv_storage>
<H12 type_id="opencv-matrix">
  <rows>3</rows>
  <cols>3</cols>
  <dt>d</dt>
  <data>
    9.1339503206250705e-01 2.1383097500013298e-02 1.1890670589804745e+03
    -5.2046545328135012e-03 9.2851682646564471e-01
    6.4673430036325428e+01 2.0485750155866938e-06 2.1017860070374189e-07
    1.</data></H12>
<H23 type_id="opencv-matrix">
  <rows>3</rows>
  <cols>3</cols>
  <dt>d</dt>
  <data>
    8.7071467715216211e-01 1.9329329049791701e-02 1.3388230593695998e+03
    -2.3313472190110925e-02 9.5544962650353016e-01
    -1.6502155530018488e+01 -2.2708409614521142e-05
    5.2245602264513553e-06 1.</data></H23>
<H34 type_id="opencv-matrix">
  <rows>3</rows>
  <cols>3</cols>
  <dt>d</dt>
  <data>
    9.5048155185167016e-01 -1.0899911058286480e-02
    1.3970212343883727e+03 1.8929560747303269e-02 9.7807459177306721e-01
    4.7963038521380696e+01 3.8046086067683136e-06
    -9.2694448559467917e-06 1.</data></H34>
<H45 type_id="opencv-matrix">
  <rows>3</rows>
  <cols>3</cols>
  <dt>d</dt>
  <data>
    1.0111090841005792e+00 2.5673901036899860e-03 1.0492333088639066e+03
    2.4253747627577898e-02 9.9222681470198204e-01 6.2149338426493237e+01
    2.0576473614406463e-05 -4.0361159369146732e-06 1.</data></H45>
<H56 type_id="opencv-matrix">
  <rows>3</rows>
  <cols>3</cols>
  <dt>d</dt>
  <data>
    1.0399502213368264e+00 1.0825878692747683e-02 1.2663547632720661e+03
    1.9397459604880502e-02 9.8640473796842409e-01 7.4530499352055031e+01
    2.4167098644602155e-05 -1.9660001962516126e-06 1.</data></H56>
<H67 type_id="opencv-matrix">
  <rows>3</rows>
  <cols>3</cols>
  <dt>d</dt>
  <data>
    1.0569861761386423e+00 3.2026954191847118e-02 1.3218583998297493e+03
    -5.5401790147142759e-03 1.0889075198914699e+00
    -1.5851548001296811e+02 -8.6929242030403976e-06
    7.5853729971030750e-06 1.</data></H67>
<H78 type_id="opencv-matrix">
  <rows>3</rows>
  <cols>3</cols>
  <dt>d</dt>
  <data>
    9.7641381183912512e-01 3.4271354602970802e-04 1.3979398354645323e+03
    9.9291776214247666e-03 9.9038043500724604e-01 3.7477014099916467e+01
    -1.7593682275639216e-06 2.2160285430961911e-06 1.</data></H78>
<H89 type_id="opencv-matrix">
  <rows>3</rows>
  <cols>3</cols>
  <dt>d</dt>
  <data>
    1.0174906229620837e+00 3.6984721948751499e-02 1.2569091788263884e+03
    -5.7617950154439778e-03 1.0437879553805107e+00
    -7.1457060477006607e+01 -2.4025000876259072e-06
    8.4294467390016368e-06 9.9999999999999989e-01</data></H89>
<H910 type_id="opencv-matrix">
  <rows>3</rows>
  <cols>3</cols>
  <dt>d</dt>
  <data>
    1.0425768435098548e+00 -1.2075190732550957e-02
    9.6500677805892474e+02 3.9368203137163764e-02 9.8594028309078519e-01
    4.6636970403198788e+01 2.3603146509626741e-05
    -3.8646720007281685e-06 1.</data></H910>
<H1011 type_id="opencv-matrix">
  <rows>3</rows>
  <cols>3</cols>
  <dt>d</dt>
  <data>
    9.9574274326429824e-01 -2.0174232750300714e-02
    6.6749587733670330e+02 4.8002262096792413e-03 9.8172538598252901e-01
    8.2036021834977788e+01 2.4601723084898196e-07
    -8.2985193380588814e-06 1.</data></H1011>
<H1112 type_id="opencv-matrix">
  <rows>3</rows>
  <cols>3</cols>
  <dt>d</dt>
  <data>
    1.2037756645786870e+00 -5.9140114679866896e-03
    2.6340299202775293e+02 5.7591013458093594e-02 1.1112017048447083e+00
    -2.1855432990384418e+02 3.9207874181666155e-05
    7.8770830212353105e-06 1.</data></H1112>
<H1213 type_id="opencv-matrix">
  <rows>3</rows>
  <cols>3</cols>
  <dt>d</dt>
  <data>
    1.0486283745943872e+00 1.9618257161999823e-02 6.9724942360287480e+02
    -1.0335491530655199e-02 1.0063966644865785e+00
    1.5139062661057579e+01 1.6742523000376461e-06 6.2454770597158475e-07
    1.</data></H1213>
<H1314 type_id="opencv-matrix">
  <rows>3</rows>
  <cols>3</cols>
  <dt>d</dt>
  <data>
    1.1596740565078540e+00 1.2049476162227029e-02 4.4235534671177612e+02
    9.7364437977986613e-03 1.0977384857403907e+00
    -1.9061212180973951e+02 9.6585091447206616e-06
    6.2868046865456221e-06 1.</data></H1314>
<H1415 type_id="opencv-matrix">
  <rows>3</rows>
  <cols>3</cols>
  <dt>d</dt>
  <data>
    9.5786975435275434e-01 2.7695139455976001e-02 7.0860064736896004e+02
    -1.9585264539292536e-02 9.6749614239304516e-01
    -7.2291872554545638e+00 -1.2662179482673600e-05
    8.5404720796676236e-06 9.9999999999999989e-01</data></H1415>
</opencv_storage>
