<?xml version="1.0"?>
<opencv_storage>
<H12 type_id="opencv-matrix">
  <rows>3</rows>
  <cols>3</cols>
  <dt>d</dt>
  <data>
    9.1339503206250705e-01 2.1383097500013298e-02 1.1890670589804745e+03
    -5.2046545328135012e-03 9.2851682646564471e-01
    6.4673430036325428e+01 2.0485750155866938e-06 2.1017860070374189e-07
    1.</data></H12>
<H13 type_id="opencv-matrix">
  <rows>3</rows>
  <cols>3</cols>
  <dt>d</dt>
  <data>
    7.6780612437132700e-01 4.4298138109990393e-02 2.4115885230187350e+03
    -2.7647351043525059e-02 8.8738834279906409e-01
    4.2382789449166943e+01 -2.0929585274165052e-05
    5.4649728725522376e-06 1.0027392110697579e+00</data></H13>
<H14 type_id="opencv-matrix">
  <rows>3</rows>
  <cols>3</cols>
  <dt>d</dt>
  <data>
    7.3979925136068159e-01 1.2603778053224358e-02 3.4863546559635133e+03
    -9.3191756574567807e-03 8.6784047986510460e-01
    4.6320694235868586e+01 -1.5974704922246853e-05
    -3.7215540925590739e-06 9.7376225271921169e-01</data></H14>
<H15 type_id="opencv-matrix">
  <rows>3</rows>
  <cols>3</cols>
  <dt>d</dt>
  <data>
    8.2006031690254622e-01 3.3382823895121948e-04 4.2633599888314047e+03
    1.2578797358806147e-02 8.6088371335442038e-01 9.0478416408257914e+01
    3.7941624033285219e-06 -7.6638564092937038e-06
    9.5676976809074710e-01</data></H15>
<H16 type_id="opencv-matrix">
  <rows>3</rows>
  <cols>3</cols>
  <dt>d</dt>
  <data>
    9.5586142489966952e-01 8.2539669335851204e-04 5.3018721576966909e+03
    3.1966880966279192e-02 8.4913806964254290e-01 1.7056972940017252e+02
    2.6919430051634695e-05 -9.3995986831519841e-06
    9.6100333267768290e-01</data></H16>
<H17 type_id="opencv-matrix">
  <rows>3</rows>
  <cols>3</cols>
  <dt>d</dt>
  <data>
    9.6423896677662879e-01 7.1728788634392165e-02 6.5652547731205032e+03
    2.7601424632589175e-02 9.2695046631177025e-01 7.8223890815133558e+01
    2.0151611763643836e-05 -2.0835776070924575e-06
    9.9807698930725475e-01</data></H17>
<H18 type_id="opencv-matrix">
  <rows>3</rows>
  <cols>3</cols>
  <dt>d</dt>
  <data>
    9.3065775230341752e-01 8.5918038615729705e-02 7.9158910165077350e+03
    3.6016643435832225e-02 9.1821641181293023e-01 1.5154835752049232e+02
    1.7899638901042951e-05 1.5513882995453555e-07 1.0261696438731089e+00</data></H18>
<H19 type_id="opencv-matrix">
  <rows>3</rows>
  <cols>3</cols>
  <dt>d</dt>
  <data>
    9.2742256516826704e-01 1.9082691377080169e-01 9.0795038372424042e+03
    3.0991927279623036e-02 9.6103276543415128e-01 1.3120496157561044e+02
    1.5746448198757213e-05 9.4739875680651488e-06 1.0486567785407530e+00</data></H19>
<H110 type_id="opencv-matrix">
  <rows>3</rows>
  <cols>3</cols>
  <dt>d</dt>
  <data>
    1.1887266626034620e+00 1.4185583276015187e-01 9.9833724878842386e+03
    7.3242448779417352e-02 9.4663961923723861e-01 2.0593203810361277e+02
    4.1541455708860880e-05 5.0979301290962571e-06 1.0642940458607195e+00</data></H110>
<H111 type_id="opencv-matrix">
  <rows>3</rows>
  <cols>3</cols>
  <dt>d</dt>
  <data>
    1.1868029697525995e+00 3.2434614152730398e-02 1.0788479922645998e+04
    7.7525384012152587e-02 9.2615360437262573e-01 3.3247961918351967e+02
    4.1650908958525990e-05 -4.6653642935139883e-06
    1.0924410101923332e+00</data></H111>
<H112 type_id="opencv-matrix">
  <rows>3</rows>
  <cols>3</cols>
  <dt>d</dt>
  <data>
    1.8535058393566084e+00 1.1400438419274961e-01 1.1093998650464417e+04
    1.5969711443154841e-01 1.0313039476800026e+00 1.5048515689873196e+02
    9.2701957232554607e-05 3.1747638231800142e-06 1.1044316197996107e+00</data></H112>
<H113 type_id="opencv-matrix">
  <rows>3</rows>
  <cols>3</cols>
  <dt>d</dt>
  <data>
    1.9610346770355984e+00 1.5802491760339529e-01 1.2388080448116303e+04
    1.5705584243704976e-01 1.0411278172354668e+00 2.7744685297369506e+02
    9.9026187169569635e-05 5.7034927931383181e-06 1.1691160689953208e+00</data></H113>
<H114 type_id="opencv-matrix">
  <rows>3</rows>
  <cols>3</cols>
  <dt>d</dt>
  <data>
    2.3953500278930058e+00 2.7498091657196394e-01 1.3225433157747009e+04
    1.9495019134269018e-01 1.1465227683593855e+00 1.4846976228965127e+02
    1.2618555015610355e-04 1.4804161605582428e-05 1.2118336774912344e+00</data></H114>
<H115 type_id="opencv-matrix">
  <rows>3</rows>
  <cols>3</cols>
  <dt>d</dt>
  <data>
    2.1215849604329220e+00 4.4533397170870043e-01 1.4920791849649673e+04
    1.6240198939594305e-01 1.1159235301492152e+00 2.7832316629467198e+02
    1.0523492298202390e-04 2.8167327341481398e-05 1.3011418179640508e+00</data></H115>
</opencv_storage>
